0 1.0 1.0 0.0
0.01 0.9902417205202345 0.9900498337491681 0.0001918867710664074
0.02 0.9805710560117664 0.9801986733067553 0.000372382705011165
0.03 0.9709873863883631 0.9704455335485082 0.0005418528398549727
0.04 0.9614900940133303 0.9607894391523232 0.0007006548610071217
0.05 0.952078563699512 0.951229424500714 0.0008491391987980323
0.060000000000000005 0.9427521827092904 0.9417645335842487 0.0009876491250416786
0.07 0.9335103407545857 0.9323938199059483 0.0011165208486374478
0.08 0.9243524299968566 0.9231163463866358 0.0012360836102208728
0.09 0.9152778450471 0.9139311852712282 0.0013466597758717835
0.09999999999999999 0.9062859829658507 0.9048374180359596 0.001448564929891094
0.10999999999999999 0.8973762432631821 0.8958341352965282 0.0015421079666538828
0.11999999999999998 0.8885480278987056 0.8869204367171575 0.0016275911815480937
0.12999999999999998 0.8798007412815707 0.8780954309205613 0.0017053103610094045
0.13999999999999999 0.8711337902704654 0.8693582353988059 0.0017755548716595904
0.15 0.862546584173616 0.8607079764250578 0.001838607748558152
0.16 0.8540385347487862 0.8521437889662113 0.0018947457825748693
0.17 0.8456090562032792 0.8436648165963837 0.0019442396068954926
0.18000000000000002 0.8372575651939351 0.835270211411272 0.001987353782663126
0.19000000000000003 0.8289834808271334 0.8269591339433623 0.0020243468837710665
0.20000000000000004 0.8207862246587908 0.8187307530779818 0.0020554715808089874
0.21000000000000005 0.8126652206943629 0.8105842459701871 0.002080974724175788
0.22000000000000006 0.8046198953888432 0.8025187979624785 0.002101097426364662
0.23000000000000007 0.7966496776467635 0.7945336025033339 0.0021160751434295966
0.24000000000000007 0.7887539988221938 0.7866278610665534 0.0021261377556404115
0.25000000000000006 0.7809322927187423 0.7788007830714049 0.0021315096473374373
0.26000000000000006 0.7731839955895556 0.7710515858035663 0.0021324097859893865
0.2700000000000001 0.7655085461373181 0.7633794943368531 0.002129051800464965
0.2800000000000001 0.7579053855142528 0.7557837414557254 0.0021216440585274388
0.2900000000000001 0.7503739573221208 0.7482635675785652 0.0021103897435555963
0.3000000000000001 0.7429137076122212 0.7408182206817178 0.002095486930503432
0.3100000000000001 0.7355240848853918 0.7334469562242892 0.0020771286611025452
0.3200000000000001 0.7282045400920081 0.7261490370736908 0.0020555030183172507
0.3300000000000001 0.720954526631984 0.7189237334319261 0.0020307932000579454
0.34000000000000014 0.7137735003547718 0.7117703227626097 0.0020031775921621753
0.35000000000000014 0.7066609195593617 0.7046880897187133 0.0019728298406483935
0.36000000000000015 0.6996162449942824 0.6976763260710309 0.0019399189232515157
0.37000000000000016 0.6926389398576007 0.6907343306373546 0.0019046092202461562
0.38000000000000017 0.6857284697969215 0.6838614092123557 0.0018670605845657606
0.3900000000000002 0.678884302909388 0.6770568744981645 0.0018274284112234085
0.4000000000000002 0.6721059097416817 0.6703200460356392 0.0017858637060425009
0.4100000000000002 0.6653927632900222 0.6636502501363193 0.0017425131537028848
0.4200000000000002 0.6587443390001673 0.6570468198150566 0.0016975191851106297
0.4300000000000002 0.6521601147674132 0.6505090947233164 0.0016510200440967848
0.4400000000000002 0.6456395709365942 0.6440364210831412 0.0016031498534530009
0.45000000000000023 0.6391821903020827 0.6376281516217731 0.0015540386803095663
0.46000000000000024 0.6327874581077892 0.6312836455069258 0.0015038126008634078
0.47000000000000025 0.626454862047163 0.6250022682827007 0.0014525937644623843
0.48000000000000026 0.6201838922631911 0.6187833918061407 0.0014005004570504243
0.49000000000000027 0.6139740413483988 0.6126263941844159 0.0013476471639829457
0.5000000000000002 0.6078248043448498 0.6065306597126333 0.001294144632216443
0.5100000000000002 0.6017356787441457 0.6004955788122658 0.001240099931879901
0.5200000000000002 0.5957061644874264 0.5945205479701942 0.0011856165172322575
0.5300000000000002 0.5897357639653704 0.5886049696783551 0.0011307942870153465
0.5400000000000003 0.5838239820181941 0.5827482523739895 0.0010757296442045483
0.5500000000000003 0.5779703259356519 0.5769498103804865 0.0010205155551653577
0.5600000000000003 0.5721743054570367 0.5712090638488148 0.0009652416082219784
0.5700000000000003 0.5664354327711798 0.565525438699537 0.0009099940716428279
0.5800000000000003 0.5607532225164502 0.5598983665654018 0.0008548559510483944
0.5900000000000003 0.5551271917807556 0.5543272847345069 0.0007999070462487712
0.6000000000000003 0.5495568601015415 0.5488116360940263 0.0007452240075151995
0.6100000000000003 0.5440417494657919 0.5433508690744996 0.0006908803912922812
0.6200000000000003 0.5385813843100291 0.5379444375946744 0.000636946715354747
0.6300000000000003 0.5331752915203132 0.532591801006897 0.0005834905134162183
0.6400000000000003 0.5278230004322428 0.5272924240430483 0.0005305763891945148
0.6500000000000004 0.5225240428309548 0.5220457767610158 0.0004782660699389485
0.6600000000000004 0.517277952951124 0.5168513344916991 0.00042661845942493226
0.6700000000000004 0.5120842674769637 0.5117085777865423 0.0003756896904213436
0.6800000000000004 0.5069425255422255 0.5066169923655894 0.0003255331766360836
0.6900000000000004 0.5018522687301987 0.5015760690660553 0.00027619966414338393
0.7000000000000004 0.49681304107371127 0.4965853037914093 0.00022773728230196522
0.7100000000000004 0.4918243890551294 0.4916441974609649 0.0001801915941644916
0.7200000000000004 0.48688586160635716 0.48675225595997146 0.00013360564638570382
0.7300000000000004 0.4819970101088371 0.4819089900902022 8.80200186348934e-05
0.7400000000000004 0.47715738839354993 0.47711391552103416 4.34728725157707e-05
0.7500000000000004 0.4723665527410146 0.4723665527410145 5.551115123125783e-17
0.7600000000000005 0.46762406188128813 0.467666427009909 -4.236512862088038e-05
0.7700000000000005 0.4629294769939659 0.46301306831122785 -8.359131726193292e-05
0.7800000000000005 0.4582823617081816 0.45840601130522335 -0.00012364959704175282
0.7900000000000005 0.45368228210260686 0.4538447952823556 -0.00016251317974874668
0.8000000000000005 0.44912880670545163 0.4493289641172214 -0.00020015741176976354
0.8100000000000005 0.4446215064944642 0.44485806622294094 -0.00023655972847674844
0.8200000000000005 0.44015995489693094 0.440431654505999 -0.0002716996090680879
0.8300000000000005 0.4357437277896764 0.4360492863215354 -0.00030555853185898485
0.8400000000000005 0.43137240349906336 0.43171052342907945 -0.00033811993001608975
0.8500000000000005 0.42704556280099315 0.42741493194872643 -0.00036936914773327834
0.8600000000000005 0.4227627889209048 0.4231620823177486 -0.00039929339684380283
0.8700000000000006 0.4185236675337759 0.4189515492476388 -0.00042788171386287654
0.8800000000000006 0.4143277867641221 0.41478291168158116 -0.0004551249174590821
0.8900000000000006 0.4101747371859973 0.4106557527523453 -0.0004810155663479976
0.9000000000000006 0.4060641118229935 0.4065696597405989 -0.0005055479176053757
0.9100000000000006 0.4019955061482412 0.40252422403363575 -0.0005287178853945473
0.9200000000000006 0.3979685180844088 0.3985190410845139 -0.0005505230001051076
0.9300000000000006 0.39398274800370336 0.3945537103716009 -0.000570962367897554
0.9400000000000006 0.3900377987278695 0.39062783535852086 -0.0005900366306513805
0.9500000000000006 0.38613327552819066 0.38674102345450095 -0.0006077479263102981
0.9600000000000006 0.38226878612548787 0.3828928859751118 -0.0006240998496239158
0.9700000000000006 0.3784439406901212 0.37908303810339855 -0.0006390974132773342
0.9800000000000006 0.37465835184198826 0.3753110988513993 -0.0006527470094110366
0.9900000000000007 0.3709116346505251 0.37157669102204544 -0.0006650563715203117
1.0000000000000007 0.36720340663470596 0.36787944117144206 -0.000676034536736092
1.0100000000000007 0.3635332877630434 0.36421897957152305 -0.0006856918084796604
1.0200000000000007 0.359900900453588 0.360594940173078 -0.0006940397194900028
1.0300000000000007 0.35630586957392874 0.3570069605691471 -0.0007010909952183675
1.0400000000000007 0.3527478224411925 0.3534546819587799 -0.000706859517587366
1.0500000000000007 0.34922638882204493 0.3499377491111551 -0.0007113602891101745
1.0600000000000007 0.34574120093268956 0.3464558103300572 -0.000714609397367616
1.0700000000000007 0.3422918934388679 0.3430085174187064 -0.0007166239798385154
1.0800000000000007 0.3388781034558599 0.3395955256449389 -0.0007174221890789978
1.0900000000000007 0.33549947054848406 0.33621649370673307 -0.0007170231582490083
1.1000000000000008 0.3321556367310966 0.33287108369807933 -0.0007154469669827246
1.1100000000000008 0.3288462464675921 0.32955896107518884 -0.0007127146075967539
1.1200000000000008 0.3255709466714033 0.32627979462303924 -0.0007088479516359492
1.1300000000000008 0.3223293867055014 0.32303325642225267 -0.0007038697167512931
1.1400000000000008 0.3191212183823955 0.3198190218163036 -0.0006978034339081285
1.1500000000000008 0.31594609596413314 0.31663676937905294 -0.0006906734149197957
1.1600000000000008 0.3128036761623002 0.31348618088260505 -0.000682504720304844
1.1700000000000008 0.3096936181380202 0.31036694126548475 -0.0006733231274645424
1.1800000000000008 0.3066155835019554 0.307278738601131 -0.000663155099175583
1.1900000000000008 0.3035692363143062 0.3042212640667038 -0.0006520277523975881
1.2000000000000008 0.30055424308481116 0.30119421191220186 -0.0006399688273907023
1.2100000000000009 0.29757027277274684 0.2981972794298871 -0.0006270066571402722
1.2200000000000009 0.2946169967869282 0.29523016692401394 -0.0006131701370857279
1.2300000000000009 0.2916940889857086 0.29229257768085914 -0.0005984886951505564
1.2400000000000009 0.2888012256769793 0.2893842179390504 -0.0005829922620710914
1.2500000000000009 0.28593808561817 0.28650479686018987 -0.0005667112420198461
1.260000000000001 0.28310435001624845 0.2836540264997701 -0.0005496764835216661
1.270000000000001 0.28029970252772063 0.2808316217783795 -0.0005319192506588744
1.280000000000001 0.27752382925863095 0.27803730045319386 -0.0005134711945629089
1.290000000000001 0.2747764187645615 0.27527078308975206 -0.0004943643251905661
1.300000000000001 0.27205716205063346 0.27253179303401237 -0.00047463098337890974
1.310000000000001 0.2693657525715053 0.2698200563846866 -0.0004543038131812893
1.320000000000001 0.26670188623137436 0.2671353019658501 -0.00043341573447575055
1.330000000000001 0.2640652613839758 0.2644772612998237 -0.00041199991584789375
1.340000000000001 0.2614555788325835 0.26184566858032576 -0.00039008974774223937
1.350000000000001 0.2588725418300085 0.25924026064589123 -0.0003677188158827116
1.360000000000001 0.2563158560786015 0.2566607769535556 -0.00034492087495407997
1.370000000000001 0.2537852297302501 0.25410695955280005 -0.0003217298225499654
1.380000000000001 0.2512803733863811 0.25157855305975624 -0.00029817967337514295
1.390000000000001 0.2488010000979589 0.24907530463166794 -0.0002743045337090244
1.400000000000001 0.24634682536548613 0.2465969639416062 -0.00025013857612007917
1.410000000000001 0.24391756713900403 0.24414328315343684 -0.00022571601443280298
1.420000000000001 0.24151294581809202 0.2417140168970362 -0.00020107107894418164
1.430000000000001 0.2391326842518673 0.23930892224375427 -0.00017623799188698497
1.440000000000001 0.2367765077389855 0.23692775868212151 -0.0001512509431360054
1.450000000000001 0.23444414402764047 0.2345702880937974 -0.00012614406615693574
1.460000000000001 0.2321353233155644 0.23223627472975858 -0.00010095141419416698
1.470000000000001 0.22984977825002773 0.2299254851867236 -7.570693669586848e-05
1.480000000000001 0.2275872439278388 0.2276376883838125 -5.0444455973686075e-05
1.490000000000001 0.2253474578953445 0.22537265553943847 -2.519764409397718e-05
1.500000000000001 0.22313016014842957 0.22313016014842957 0.0
1.5100000000000011 0.22093509313251736 0.22090997795937795 2.5115173139411695e-05
1.5200000000000011 0.218762001742569 0.21871188695221452 5.011479035446631e-05
1.5300000000000011 0.2166106333230844 0.21653566731600682 7.49660070775704e-05
1.5400000000000011 0.21448073766810116 0.21438110142697772 9.963624112344083e-05
1.5500000000000012 0.21237206702119527 0.21224797382674282 0.00012409319445244593
1.5600000000000012 0.210284376075481 0.2101360712007645 0.00014830487471650944
1.5700000000000012 0.20821742197361104 0.20804518235702021 0.00017223961659082465
1.5800000000000012 0.2061709643077757 0.20597509820488322 0.00019586610289248907
1.5900000000000012 0.20414476511970403 0.2039256117342132 0.0002191533854908334
1.6000000000000012 0.20213858890066294 0.20189651799465516 0.0002420709060077797
1.6100000000000012 0.20015220259145783 0.19988761407514427 0.0002645885163135575
1.6200000000000012 0.19818537558243243 0.19789869908361443 0.0002866764988180004
1.6300000000000012 0.19623787971346818 0.19592957412690912 0.00030830558655906004
1.6400000000000012 0.19430948927398495 0.19398004229089166 0.00032944698309328446
1.6500000000000012 0.1923999810029413 0.19204990862075388 0.0003500723821874274
1.6600000000000013 0.1905091340888332 0.19013898010152028 0.00037015398731291005
1.6700000000000013 0.1886367301696953 0.18824706563874655 0.0003896645309487412
1.6800000000000013 0.1867825533331008 0.18637397603940972 0.00040857729369106477
1.6900000000000013 0.1849463901161602 0.18451952399298904 0.0004268661231711657
1.7000000000000013 0.1831280295055231 0.18268352405273441 0.00044450545278867937
1.7100000000000013 0.18132726293737678 0.18086579261712185 0.0004614703202549253
1.7200000000000013 0.1795438842974465 0.179066147911493 0.00047773638595349777
1.7300000000000013 0.17777768992099674 0.17728440996987757 0.0004932799511191688
1.7400000000000013 0.17602847859282944 0.17552040061699664 0.0005080779758327991
1.7500000000000013 0.17429605154728456 0.1737739434504449 0.0005221080968396685
1.7600000000000013 0.17258021246824096 0.1720448638230503 0.0005353486451906697
1.7700000000000014 0.1708807674891153 0.1703329888254092 0.0005477786637060889
1.7800000000000014 0.16919752519286224 0.16863814726859527 0.0005593779242669683
1.7900000000000014 0.16753029661197538 0.16696016966704047 0.0005701269449349122
1.8000000000000014 0.16587889522848565 0.1652988882215863 0.0005800070068993357
1.8100000000000014 0.16424313697396298 0.16365413680270383 0.0005890001712591519
1.8200000000000014 0.162622840229515 0.16202575093388055 0.0005970892956344565
1.8300000000000014 0.1610178258257876 0.16041356777517254 0.0006042580506150641
1.8400000000000014 0.159427917042965 0.15881742610692048 0.000610490936044511
1.8500000000000014 0.15785293961076985 0.15723716631362739 0.0006157732971424634
1.8600000000000014 0.15629272170846287 0.15567263036799708 0.0006200913404657837
1.8700000000000014 0.15474709396484243 0.1541236618151312 0.0006234321497112227
1.8800000000000014 0.15321588945824627 0.15259010575688364 0.0006257837013626255
1.8900000000000015 0.1516989437165489 0.1510718088363706 0.0006271348801782928
1.9000000000000015 0.15019609471716433 0.14956861922263484 0.0006274754945294891
1.9100000000000015 0.14870718288704432 0.14808038659546224 0.0006267962915820768
1.9200000000000015 0.14723205110267867 0.14660696213034993 0.0006250889723287412
1.9300000000000015 0.14577054469009565 0.1451481984836235 0.0006223462064721408
1.9400000000000015 0.1443225114248612 0.1437039497777027 0.0006185616471584832
1.9500000000000015 0.14288780153208025 0.14227407158651337 0.0006137299455668821
1.9600000000000015 0.14146626768639547 0.14085842092104478 0.0006078467653506947
1.9700000000000015 0.14005776501198797 0.13945685621505072 0.0006009087969372495
1.9800000000000015 0.13866215108257685 0.1380692373108926 0.0005929137716842448
1.9900000000000015 0.13727928592141936 0.13669542544552366 0.0005838604758957033
2.0000000000000013 0.13590903200131155 0.1353352832366125 0.0005737487646990391
2.010000000000001 0.13455125424458692 0.13398867466880482 0.0005625795757820962
2.020000000000001 0.13320582002311798 0.1326554650801216 0.0005503549429963783
2.0300000000000007 0.13187259915831473 0.13133552114849298 0.0005370780098217509
2.0400000000000005 0.13055146392112504 0.13002871087842585 0.0005227530426991922
2.0500000000000003 0.1292422890320366 0.12873490358780418 0.0005073854442324277
2.06 0.12794495166107422 0.12745396989482075 0.0004909817662534788
2.07 0.1266593314278005 0.12618578170503877 0.00047354972276172913
2.0799999999999996 0.12538531040131728 0.12493021219858247 0.00045509820273481605
2.0899999999999994 0.12412277310026376 0.12368713581745489 0.00043563728280887615
2.099999999999999 0.12287160649281736 0.122456428252982 0.00041517823983536206
2.109999999999999 0.12163169999669532 0.12123796643338179 0.00039373356331352805
2.1199999999999988 0.12040294547915076 0.12003162851145688 0.0003713169676938799
2.1299999999999986 0.11918523725697627 0.1188372938524098 0.000347943404566467
2.1399999999999983 0.1179784720965028 0.11765484302177939 0.00032362907472341385
2.149999999999998 0.1167825492135991 0.11648415777349717 0.0002983914401019222
2.159999999999998 0.11559737027367212 0.11532512103806276 0.00027224923560935366
2.1699999999999977 0.11442283939166742 0.11417761691083675 0.0002452224808306702
2.1799999999999975 0.11325886313206768 0.11304153064045014 0.00021733249161753898
2.1899999999999973 0.11210535050889558 0.11191674861732917 0.0001886018915664145
2.199999999999997 0.11096221298571052 0.1108031583623342 0.0001590546233763146
2.209999999999997 0.10982936447561098 0.10970064851551174 0.0001287159600992377
2.2199999999999966 0.10870672134123283 0.10860910882495835 9.761251627447842e-05
2.2299999999999964 0.1075942023947507 0.10752843013579534 6.577225895536276e-05
2.239999999999996 0.10649172889787761 0.10645850437925322 3.32245186243918e-05
2.249999999999996 0.10539922456186501 0.10539922456186476 2.498001805406602e-16
2.259999999999996 0.10431661554750105 0.10435048475476545 -3.38692072644059e-05
2.2699999999999956 0.10324383046511343 0.10331218008310065 -6.834961798722616e-05
2.2799999999999954 0.10218080037456811 0.10228420671553794 -0.00010340634096982215
2.289999999999995 0.10112745878526874 0.1012664618538839 -0.00013900306861515388
2.299999999999995 0.10008374165615785 0.10025884372280425 -0.00017510206664639316
2.3099999999999947 0.09904958739571512 0.09926125155964619 -0.00021166416393106346
2.3199999999999945 0.09802493686195879 0.09827358560436207 -0.00024864874240328183
2.3299999999999943 0.09700973336244634 0.09729574708953333 -0.00028601372708698947
2.339999999999994 0.09600392265427238 0.09632763823049359 -0.00032371557622121183
2.349999999999994 0.0950074529440702 0.09536916221555021 -0.00036170927148000687
2.3599999999999937 0.0940202748880099 0.09442022319630294 -0.00039994830829304107
2.3699999999999934 0.0930423415918028 0.09348072627805909 -0.0004383846862562879
2.3799999999999932 0.09207360861069558 0.0925505775103439 -0.00047696889964832234
2.389999999999993 0.09111403394947493 0.09162968387750549 -0.0005156499280305621
2.399999999999993 0.09016357806246456 0.09071795328941315 -0.0005543752269485946
2.4099999999999926 0.08922220385352664 0.08981529457224831 -0.00059309071872167
2.4199999999999924 0.08828987667606214 0.08892161745938701 -0.0006317407833248689
2.429999999999992 0.08736656433301004 0.08803683258237324 -0.0006702682493631984
2.439999999999992 0.08645223707684724 0.08716085146198199 -0.0007086143851347537
2.4499999999999917 0.08554686760958863 0.08629358649937123 -0.0007467188897826021
2.4599999999999915 0.08465043108278836 0.08543495096732195 -0.0007845198845335966
2.4699999999999913 0.08376290509753759 0.08458485900156544 -0.0008219539040278528
2.479999999999991 0.0828842697044665 0.0837432255921967 -0.0008589558877302034
2.489999999999991 0.08201450740374316 0.08290996657517344 -0.000895459171430274
2.4999999999999907 0.08115360314507358 0.08208499862389956 -0.0009313954788259804
2.5099999999999905 0.08030154432770298 0.08126823924089246 -0.0009666949131894864
2.5199999999999902 0.0794583208004136 0.08045960674953322 -0.0010012859491196208
2.52999999999999 0.07862392486152636 0.07965902028589882 -0.0010350954243724536
2.53999999999999 0.07779835125890089 0.07886639979067575 -0.0010680485317748623
2.5499999999999896 0.07698159718993403 0.07808166600115396 -0.0011000688112199342
2.5599999999999894 0.07617366230156175 0.07730474044330056 -0.0011310781417388088
2.569999999999989 0.07537454869025784 0.07653554542391233 -0.0011609967336544957
2.579999999999989 0.07458426090203452 0.07577400402284631 -0.0011897431208117981
2.5899999999999888 0.07380280593244126 0.07502004008532781 -0.0012172341528865482
2.5999999999999885 0.07303019322656779 0.07427357821433474 -0.0012433849877669517
2.6099999999999883 0.07226643467903959 0.07353454376305794 -0.0012681090840183512
2.619999999999988 0.07151154463402254 0.07280286282743646 -0.0012913181934139234
2.629999999999988 0.07076553988521861 0.07207846223876697 -0.0013129223535483653
2.6399999999999877 0.07002843967587025 0.07136126955638694 -0.001332829880516695
2.6499999999999875 0.06930026569875658 0.07065121306043047 -0.0013509473616738904
2.6599999999999873 0.06858104209619531 0.06994822174465626 -0.0013671796484609477
2.669999999999987 0.06787079546004193 0.06925222530934688 -0.0013814298493049493
2.679999999999987 0.06716955483169174 0.06856315415427883 -0.0013935993225870913
2.6899999999999866 0.06647735170207614 0.06788093937176234 -0.001403587669686207
2.6999999999999864 0.06579422001166624 0.06720551273975067 -0.0014112927280844345
2.709999999999986 0.06512019615047071 0.06653680671501777 -0.0014166105645470606
2.719999999999986 0.06445531895803647 0.06587475442640388 -0.001419435468367411
2.7299999999999858 0.06379962972344877 0.06521928966812846 -0.0014196599446796854
2.7399999999999856 0.06315317218533145 0.06457034689316943 -0.001417174707837976
2.7499999999999853 0.06251599253184559 0.06392786120670851 -0.0014118686748629261
2.759999999999985 0.06188813940069182 0.06329176835964166 -0.0014036289589498402
2.769999999999985 0.061269663879107705 0.0626620047421541 -0.0013923408630463902
2.7799999999999847 0.06066061950386936 0.062038507377359255 -0.0013778878734898928
2.7899999999999845 0.06006106226129204 0.061421213915001084 -0.0013601516537090422
2.7999999999999843 0.05947105058722779 0.06081006262521892 -0.0013390120379911316
2.809999999999984 0.05889064536706767 0.06020499239237451 -0.0013143470253068334
2.819999999999984 0.05831990993574143 0.05960594270894032 -0.0012860327731988863
2.8299999999999836 0.057758910077716163 0.059012853669448806 -0.0012539435917326425
2.8399999999999834 0.057207714026997425 0.058425665964501786 -0.0012179519375043607
2.849999999999983 0.05666639246712879 0.057844320874839435 -0.0011779284077106447
2.859999999999983 0.056135018531192404 0.05726876026546832 -0.0011337417342759185
2.869999999999983 0.055613667801808875 0.05669892657984789 -0.0010852587780390138
2.8799999999999826 0.05510241831113627 0.0561347628341347 -0.0010323445229984268
2.8899999999999824 0.05460135054087134 0.05557621261148405 -0.0009748620706127101
2.899999999999982 0.054110547422248856 0.05502322005640821 -0.0009126726341593533
2.909999999999982 0.05363009433604238 0.05447572986919085 -0.0008456355331484741
2.9199999999999817 0.05316007911256271 0.053933687300357004 -0.000773608187794296
2.9299999999999815 0.05270059203165944 0.05339703814519808 -0.0006964461135386332
2.9399999999999813 0.05225172582272075 0.05286572873835135 -0.0006140029156306015
2.949999999999981 0.05181357566467193 0.05233970594843338 -0.0005261302837614515
2.959999999999981 0.05138623918597773 0.051818917172726825 -0.0004326779867490915
2.9699999999999807 0.05096981646464005 0.051303310331920114 -0.0003334938672800644
2.9799999999999804 0.05056441002819989 0.050792833864899495 -0.00022842383669960387
2.9899999999999802 0.05017012485373573 0.05028743672359287 -0.0001173118698571396
2.99999999999998 0.04978706836786495 0.04978706836786494 1.3877787807814457e-17
